digraph Tree {
node [shape=box, style="filled, rounded", color="black", fontname="helvetica"] ;
edge [fontname="helvetica"] ;
0 [label=<ratings_disabled &le; 0.5<br/>gini = 0.995<br/>samples = 28664<br/>value = [140, 140, 140, 140, 140, 140, 140, 140, 140, 140<br/>140, 140, 140, 140, 140, 140, 140, 140, 140, 140<br/>140, 140, 140, 140, 140, 140, 140, 140, 140, 140<br/>140, 140, 140, 140, 140, 140, 140, 140, 140, 140<br/>140, 140, 140, 140, 140, 140, 140, 140, 140, 138<br/>140, 140, 140, 140, 140, 137, 140, 140, 140, 140<br/>140, 137, 139, 140, 140, 140, 140, 137, 140, 140<br/>140, 140, 140, 139, 140, 140, 140, 140, 140, 140<br/>140, 140, 140, 140, 140, 139, 139, 140, 140, 140<br/>140, 140, 139, 140, 140, 140, 140, 140, 140, 140<br/>140, 140, 140, 140, 140, 140, 140, 140, 140, 139<br/>139, 140, 140, 140, 139, 139, 140, 140, 140, 139<br/>139, 140, 140, 140, 140, 140, 139, 140, 140, 140<br/>140, 139, 140, 140, 140, 140, 139, 140, 140, 140<br/>140, 139, 140, 140, 140, 140, 139, 140, 140, 140<br/>140, 139, 140, 140, 140, 140, 140, 140, 140, 140<br/>139, 140, 140, 140, 140, 139, 140, 140, 140, 140<br/>140, 140, 140, 140, 140, 140, 140, 140, 140, 140<br/>139, 140, 140, 140, 140, 139, 140, 140, 140, 140<br/>139, 140, 140, 140, 139, 140, 140, 140, 140, 140<br/>140, 140, 138, 140, 140]<br/>class = 17.01.12>, fillcolor="#ffffff"] ;
1 [label=<comments_disabled &le; 0.5<br/>gini = 0.995<br/>samples = 28546<br/>value = [140, 139, 138, 139, 138, 140, 139, 139, 139, 139<br/>140, 140, 140, 140, 140, 140, 140, 140, 140, 140<br/>140, 140, 140, 140, 140, 140, 139, 139, 140, 140<br/>139, 139, 139, 140, 140, 138, 140, 137, 139, 137<br/>140, 139, 139, 139, 139, 139, 139, 139, 139, 135<br/>140, 140, 140, 140, 139, 135, 140, 140, 140, 140<br/>139, 136, 139, 139, 140, 140, 140, 136, 139, 140<br/>140, 140, 139, 136, 139, 139, 140, 140, 139, 137<br/>139, 139, 140, 140, 139, 137, 138, 140, 140, 140<br/>139, 137, 137, 140, 140, 140, 139, 138, 140, 140<br/>138, 138, 140, 140, 138, 138, 140, 140, 139, 137<br/>137, 140, 140, 140, 138, 137, 140, 140, 140, 139<br/>137, 139, 140, 140, 140, 140, 139, 139, 140, 140<br/>140, 139, 139, 140, 139, 139, 139, 140, 140, 139<br/>140, 139, 140, 140, 139, 138, 139, 140, 140, 140<br/>139, 139, 140, 140, 140, 138, 140, 140, 140, 140<br/>138, 140, 140, 140, 140, 139, 140, 140, 140, 140<br/>139, 139, 140, 140, 140, 139, 139, 140, 140, 139<br/>139, 139, 140, 140, 138, 139, 139, 140, 140, 138<br/>139, 139, 140, 140, 137, 139, 140, 140, 139, 139<br/>140, 140, 136, 140, 140]<br/>class = 17.01.12>, fillcolor="#ffffff"] ;
0 -> 1 [labeldistance=2.5, labelangle=45, headlabel="True"] ;
2 [label=<gini = 0.995<br/>samples = 28174<br/>value = [137, 137, 137, 133, 135, 137, 135, 136, 137, 136<br/>139, 138, 138, 139, 137, 139, 139, 138, 139, 137<br/>137, 138, 137, 137, 137, 138, 136, 137, 137, 138<br/>137, 137, 136, 138, 137, 136, 137, 135, 137, 135<br/>137, 135, 139, 135, 137, 135, 138, 137, 138, 134<br/>140, 139, 139, 138, 138, 133, 137, 139, 138, 139<br/>137, 134, 137, 137, 139, 139, 137, 133, 137, 140<br/>139, 140, 139, 134, 138, 138, 138, 139, 137, 134<br/>137, 138, 138, 138, 137, 134, 135, 140, 138, 139<br/>138, 134, 133, 137, 138, 138, 136, 134, 136, 138<br/>137, 134, 136, 139, 136, 136, 137, 138, 137, 136<br/>135, 136, 138, 138, 135, 135, 139, 137, 138, 137<br/>136, 139, 136, 139, 138, 139, 139, 139, 137, 139<br/>137, 138, 138, 138, 137, 137, 138, 140, 137, 136<br/>139, 139, 139, 137, 137, 138, 138, 139, 137, 138<br/>138, 138, 139, 135, 137, 137, 140, 140, 137, 139<br/>138, 140, 138, 137, 136, 139, 140, 139, 137, 137<br/>138, 138, 137, 137, 138, 138, 139, 138, 139, 138<br/>137, 139, 138, 140, 137, 136, 139, 139, 140, 138<br/>138, 139, 137, 140, 137, 139, 137, 139, 138, 138<br/>137, 138, 136, 140, 138]<br/>class = 18.01.03>, fillcolor="#ffffff"] ;
1 -> 2 ;
3 [label=<gini = 0.993<br/>samples = 372<br/>value = [3, 2, 1, 6, 3, 3, 4, 3, 2, 3, 1, 2, 2, 1<br/>3, 1, 1, 2, 1, 3, 3, 2, 3, 3, 3, 2, 3, 2<br/>3, 2, 2, 2, 3, 2, 3, 2, 3, 2, 2, 2, 3, 4<br/>0, 4, 2, 4, 1, 2, 1, 1, 0, 1, 1, 2, 1, 2<br/>3, 1, 2, 1, 2, 2, 2, 2, 1, 1, 3, 3, 2, 0<br/>1, 0, 0, 2, 1, 1, 2, 1, 2, 3, 2, 1, 2, 2<br/>2, 3, 3, 0, 2, 1, 1, 3, 4, 3, 2, 2, 3, 4<br/>4, 2, 1, 4, 4, 1, 2, 2, 3, 2, 2, 1, 2, 4<br/>2, 2, 3, 2, 1, 3, 2, 2, 1, 0, 4, 1, 2, 1<br/>0, 0, 3, 1, 3, 1, 1, 2, 2, 2, 1, 0, 3, 3<br/>1, 0, 1, 3, 2, 0, 1, 1, 3, 2, 1, 1, 1, 5<br/>3, 1, 0, 0, 3, 1, 0, 0, 2, 3, 4, 0, 0, 1<br/>3, 3, 1, 1, 3, 3, 2, 1, 0, 2, 1, 1, 2, 0<br/>2, 0, 1, 3, 0, 1, 0, 0, 1, 0, 3, 0, 0, 0<br/>3, 1, 1, 1, 3, 2, 0, 0, 2]<br/>class = 17.04.12>, fillcolor="#fffffe"] ;
1 -> 3 ;
4 [label=<comments_disabled &le; 0.5<br/>gini = 0.986<br/>samples = 118<br/>value = [0, 1, 2, 1, 2, 0, 1, 1, 1, 1, 0, 0, 0, 0<br/>0, 0, 0, 0, 0, 0, 0, 0, 0, 0, 0, 0, 1, 1<br/>0, 0, 1, 1, 1, 0, 0, 2, 0, 3, 1, 3, 0, 1<br/>1, 1, 1, 1, 1, 1, 1, 3, 0, 0, 0, 0, 1, 2<br/>0, 0, 0, 0, 1, 1, 0, 1, 0, 0, 0, 1, 1, 0<br/>0, 0, 1, 3, 1, 1, 0, 0, 1, 3, 1, 1, 0, 0<br/>1, 2, 1, 0, 0, 0, 1, 3, 2, 0, 0, 0, 1, 2<br/>0, 0, 2, 2, 0, 0, 2, 2, 0, 0, 1, 2, 2, 0<br/>0, 0, 1, 2, 0, 0, 0, 0, 2, 1, 0, 0, 0, 0<br/>0, 1, 0, 0, 0, 0, 1, 0, 1, 1, 0, 0, 0, 1<br/>0, 0, 0, 0, 1, 2, 0, 0, 0, 0, 1, 0, 0, 0<br/>0, 2, 0, 0, 0, 0, 1, 0, 0, 0, 0, 0, 0, 0<br/>0, 0, 1, 1, 0, 0, 0, 1, 1, 0, 0, 1, 0, 1<br/>0, 0, 2, 0, 1, 0, 0, 2, 0, 1, 0, 0, 2, 1<br/>0, 0, 1, 1, 0, 0, 2, 0, 0]<br/>class = 17.26.11>, fillcolor="#ffffff"] ;
0 -> 4 [labeldistance=2.5, labelangle=-45, headlabel="False"] ;
5 [label=<gini = 0.976<br/>samples = 43<br/>value = [0, 0, 0, 0, 0, 0, 0, 0, 0, 0, 0, 0, 0, 0<br/>0, 0, 0, 0, 0, 0, 0, 0, 0, 0, 0, 0, 1, 0<br/>0, 0, 1, 1, 1, 0, 0, 1, 0, 1, 1, 1, 0, 0<br/>1, 0, 1, 0, 1, 1, 1, 1, 0, 0, 0, 0, 1, 1<br/>0, 0, 0, 0, 1, 0, 0, 0, 0, 0, 0, 0, 0, 0<br/>0, 0, 1, 1, 0, 0, 0, 0, 1, 2, 0, 0, 0, 0<br/>1, 1, 0, 0, 0, 0, 1, 1, 0, 0, 0, 0, 0, 0<br/>0, 0, 0, 0, 0, 0, 0, 0, 0, 0, 1, 0, 0, 0<br/>0, 0, 0, 1, 0, 0, 0, 0, 0, 1, 0, 0, 0, 0<br/>0, 1, 0, 0, 0, 0, 1, 0, 1, 1, 0, 0, 0, 1<br/>0, 0, 0, 0, 1, 1, 0, 0, 0, 0, 0, 0, 0, 0<br/>0, 1, 0, 0, 0, 0, 0, 0, 0, 0, 0, 0, 0, 0<br/>0, 0, 0, 1, 0, 0, 0, 0, 0, 0, 0, 0, 0, 0<br/>0, 0, 1, 0, 0, 0, 0, 1, 0, 0, 0, 0, 1, 0<br/>0, 0, 1, 0, 0, 0, 1, 0, 0]<br/>class = 18.06.02>, fillcolor="#fafefd"] ;
4 -> 5 ;
6 [label=<gini = 0.981<br/>samples = 75<br/>value = [0, 1, 2, 1, 2, 0, 1, 1, 1, 1, 0, 0, 0, 0<br/>0, 0, 0, 0, 0, 0, 0, 0, 0, 0, 0, 0, 0, 1<br/>0, 0, 0, 0, 0, 0, 0, 1, 0, 2, 0, 2, 0, 1<br/>0, 1, 0, 1, 0, 0, 0, 2, 0, 0, 0, 0, 0, 1<br/>0, 0, 0, 0, 0, 1, 0, 1, 0, 0, 0, 1, 1, 0<br/>0, 0, 0, 2, 1, 1, 0, 0, 0, 1, 1, 1, 0, 0<br/>0, 1, 1, 0, 0, 0, 0, 2, 2, 0, 0, 0, 1, 2<br/>0, 0, 2, 2, 0, 0, 2, 2, 0, 0, 0, 2, 2, 0<br/>0, 0, 1, 1, 0, 0, 0, 0, 2, 0, 0, 0, 0, 0<br/>0, 0, 0, 0, 0, 0, 0, 0, 0, 0, 0, 0, 0, 0<br/>0, 0, 0, 0, 0, 1, 0, 0, 0, 0, 1, 0, 0, 0<br/>0, 1, 0, 0, 0, 0, 1, 0, 0, 0, 0, 0, 0, 0<br/>0, 0, 1, 0, 0, 0, 0, 1, 1, 0, 0, 1, 0, 1<br/>0, 0, 1, 0, 1, 0, 0, 1, 0, 1, 0, 0, 1, 1<br/>0, 0, 0, 1, 0, 0, 1, 0, 0]<br/>class = 17.03.12>, fillcolor="#ffffff"] ;
4 -> 6 ;
}
